1765987854045 1.0018171111742655 0
1765987854260 0.9648216764132181 1
1765987854456 0.9450746258099874 2
1765987854651 0.879613721370697 3
1765987854859 0.918886677424113 4
1765987855030 0.9474535584449768 5
1765987855239 0.8972379247347514 6
1765987855425 0.8945497194925944 7
1765987855616 0.90581107934316 8
1765987855811 0.8576491276423136 9
1765987855991 0.8911188960075378 10
1765987856184 0.8729560057322184 11
1765987856449 0.8318111936251322 12
1765987856625 0.8480729579925537 13
1765987856781 0.8696867783864339 14
1765987856959 0.8168759226799012 15
