1765987854045 0.5116731997412974 0
1765987854260 0.5434928158823991 1
1765987854456 0.536380952527764 2
1765987854651 0.5823557818743406 3
1765987854859 0.5895828312156483 4
1765987855030 0.5754263244242782 5
1765987855239 0.585989829342656 6
1765987855425 0.589988615658438 7
1765987855616 0.6021176377459697 8
1765987855811 0.6249687453910553 9
1765987855991 0.631914463040864 10
1765987856184 0.6239337692892917 11
1765987856449 0.6358135587651917 12
1765987856625 0.63617670271388 13
1765987856781 0.6556338745558059 14
1765987856959 0.6714293411296738 15
