1765984648788 1.0018171111742655 0
1765984649042 0.9648216764132181 1
1765984649211 0.9450746258099874 2
1765984649464 0.879613721370697 3
1765984649634 0.918886677424113 4
1765984649822 0.9474535584449768 5
1765984649989 0.8972379247347514 6
1765984650157 0.8945497194925944 7
1765984650314 0.90581107934316 8
1765984650474 0.8576491276423136 9
1765984650633 0.8911188960075378 10
1765984650791 0.8729560057322184 11
1765984650945 0.8318111936251322 12
1765984651109 0.8480729579925537 13
1765984651267 0.8696867783864339 14
1765984651426 0.8168759226799012 15
1765984651593 0.8500940402348837 16
1765984651752 0.8063641309738159 17
1765984651914 0.8312709728876749 18
1765984652082 0.8385630329449971 19
