1765984648788 0.5116731997412974 0
1765984649042 0.5434928158823991 1
1765984649211 0.536380952527764 2
1765984649464 0.5823557818743406 3
1765984649634 0.5895828312156483 4
1765984649822 0.5754263244242782 5
1765984649989 0.585989829342656 6
1765984650157 0.589988615658438 7
1765984650314 0.6021176377459697 8
1765984650474 0.6249687453910553 9
1765984650633 0.631914463040864 10
1765984650791 0.6239337692892917 11
1765984650945 0.6358135587651917 12
1765984651109 0.63617670271388 13
1765984651267 0.6556338745558059 14
1765984651426 0.6714293411296738 15
1765984651593 0.6731303445611219 16
1765984651752 0.68198130896322 17
1765984651914 0.6799117769643388 18
1765984652082 0.6924640086443257 19
