1765987183732 0.5116731997412974 0
1765987183924 0.5434928158823991 1
1765987184110 0.536380952527764 2
1765987184277 0.5823557818743406 3
1765987184480 0.5895828312156483 4
1765987184645 0.5754263244242782 5
1765987184850 0.585989829342656 6
1765987185047 0.589988615658438 7
1765987185233 0.6021176377459697 8
1765987185405 0.6249687453910553 9
1765987185590 0.631914463040864 10
1765987185763 0.6239337692892917 11
1765987185948 0.6358135587651917 12
1765987186116 0.63617670271388 13
1765987186297 0.6556338745558059 14
1765987186731 0.6714293411296738 15
1765987186918 0.6731303445611219 16
1765987187114 0.68198130896322 17
1765987187290 0.6799117769643388 18
1765987187499 0.6924640086443257 19
