1765988259352 0.5116731997412974 0
1765988259554 0.5434928158823991 1
1765988259727 0.536380952527764 2
1765988259922 0.5823557818743406 3
1765988260173 0.5895828312156483 4
1765988260371 0.5754263244242782 5
1765988260577 0.585989829342656 6
1765988260774 0.589988615658438 7
1765988260977 0.6021176377459697 8
1765988261258 0.6249687453910553 9
1765988261461 0.631914463040864 10
1765988261661 0.6239337692892917 11
1765988261861 0.6358135587651917 12
1765988262058 0.63617670271388 13
1765988262259 0.6556338745558059 14
1765988262450 0.6714293411296738 15
1765988262642 0.6731303445611219 16
1765988262831 0.68198130896322 17
1765988263022 0.6799117769643388 18
1765988263213 0.6924640086443257 19
