1765988259352 1.0018171111742655 0
1765988259554 0.9648216764132181 1
1765988259727 0.9450746258099874 2
1765988259922 0.879613721370697 3
1765988260173 0.918886677424113 4
1765988260371 0.9474535584449768 5
1765988260577 0.8972379247347514 6
1765988260774 0.8945497194925944 7
1765988260977 0.90581107934316 8
1765988261258 0.8576491276423136 9
1765988261461 0.8911188960075378 10
1765988261661 0.8729560057322184 11
1765988261861 0.8318111936251322 12
1765988262058 0.8480729579925537 13
1765988262259 0.8696867783864339 14
1765988262450 0.8168759226799012 15
1765988262642 0.8500940402348837 16
1765988262831 0.8063641309738159 17
1765988263022 0.8312709728876749 18
1765988263213 0.8385630329449971 19
