1765987838865 0.5116731997412974 0
1765987839043 0.5434928158823991 1
1765987839261 0.536380952527764 2
1765987839461 0.5823557818743406 3
1765987839629 0.5895828312156483 4
1765987839801 0.5754263244242782 5
1765987839965 0.585989829342656 6
1765987840131 0.589988615658438 7
1765987840310 0.6021176377459697 8
1765987840507 0.6249687453910553 9
1765987840704 0.631914463040864 10
1765987840909 0.6239337692892917 11
1765987841107 0.6358135587651917 12
1765987841306 0.63617670271388 13
1765987841473 0.6556338745558059 14
1765987841650 0.6714293411296738 15
1765987841847 0.6731303445611219 16
1765987842037 0.68198130896322 17
1765987842241 0.6799117769643388 18
1765987842404 0.6924640086443257 19
