1765987812643 0.5116731997412974 0
1765987812887 0.5434928158823991 1
1765987813056 0.536380952527764 2
1765987813219 0.5823557818743406 3
1765987813381 0.5895828312156483 4
1765987813549 0.5754263244242782 5
1765987813710 0.585989829342656 6
1765987813876 0.589988615658438 7
1765987814030 0.6021176377459697 8
1765987814240 0.6249687453910553 9
1765987814441 0.631914463040864 10
1765987814646 0.6239337692892917 11
1765987814849 0.6358135587651917 12
1765987815035 0.63617670271388 13
1765987815229 0.6556338745558059 14
1765987815400 0.6714293411296738 15
1765987815562 0.6731303445611219 16
1765987815729 0.68198130896322 17
1765987815904 0.6799117769643388 18
1765987816074 0.6924640086443257 19
