1765987614897 0.5116731997412974 0
1765987615105 0.5434928158823991 1
1765987615302 0.536380952527764 2
1765987615501 0.5823557818743406 3
1765987615696 0.5895828312156483 4
1765987615892 0.5754263244242782 5
1765987616087 0.585989829342656 6
1765987616282 0.589988615658438 7
1765987616475 0.6021176377459697 8
1765987616674 0.6249687453910553 9
1765987616868 0.631914463040864 10
1765987617025 0.6239337692892917 11
1765987617197 0.6358135587651917 12
1765987617355 0.63617670271388 13
1765987617519 0.6556338745558059 14
1765987617691 0.6714293411296738 15
1765987617851 0.6731303445611219 16
1765987618016 0.68198130896322 17
1765987618170 0.6799117769643388 18
1765987618330 0.6924640086443257 19
