1765987846574 0.5116731997412974 0
1765987846752 0.5434928158823991 1
1765987846942 0.536380952527764 2
1765987847133 0.5823557818743406 3
1765987847331 0.5895828312156483 4
1765987847510 0.5754263244242782 5
1765987847715 0.585989829342656 6
1765987847908 0.589988615658438 7
1765987848090 0.6021176377459697 8
1765987848274 0.6249687453910553 9
1765987848443 0.631914463040864 10
1765987848625 0.6239337692892917 11
1765987848815 0.6358135587651917 12
1765987848989 0.63617670271388 13
1765987849157 0.6556338745558059 14
1765987849316 0.6714293411296738 15
1765987849520 0.6731303445611219 16
1765987849701 0.68198130896322 17
1765987849875 0.6799117769643388 18
1765987850037 0.6924640086443257 19
