1765987816356 1.0018171111742655 0
1765987816536 0.9648216764132181 1
1765987816723 0.9450746258099874 2
1765987816979 0.879613721370697 3
1765987817148 0.918886677424113 4
1765987817408 0.9474535584449768 5
1765987817611 0.8972379247347514 6
1765987817810 0.8945497194925944 7
1765987818010 0.90581107934316 8
1765987818211 0.8576491276423136 9
1765987818369 0.8911188960075378 10
1765987818536 0.8729560057322184 11
1765987818697 0.8318111936251322 12
1765987818857 0.8480729579925537 13
1765987819016 0.8696867783864339 14
1765987819181 0.8168759226799012 15
1765987819340 0.8500940402348837 16
1765987819496 0.8063641309738159 17
1765987819655 0.8312709728876749 18
1765987819820 0.8385630329449971 19
