1765987835036 0.5116731997412974 0
1765987835252 0.5434928158823991 1
1765987835464 0.536380952527764 2
1765987835761 0.5823557818743406 3
1765987835939 0.5895828312156483 4
1765987836132 0.5754263244242782 5
1765987836325 0.585989829342656 6
1765987836492 0.589988615658438 7
1765987836666 0.6021176377459697 8
1765987836855 0.6249687453910553 9
1765987837019 0.631914463040864 10
1765987837208 0.6239337692892917 11
1765987837406 0.6358135587651917 12
1765987837581 0.63617670271388 13
1765987837748 0.6556338745558059 14
1765987837912 0.6714293411296738 15
1765987838075 0.6731303445611219 16
1765987838258 0.68198130896322 17
1765987838434 0.6799117769643388 18
1765987838591 0.6924640086443257 19
