1765987823592 1.0018171111742655 0
1765987823762 0.9648216764132181 1
1765987823959 0.9450746258099874 2
1765987824160 0.879613721370697 3
1765987824365 0.918886677424113 4
1765987824579 0.9474535584449768 5
1765987824761 0.8972379247347514 6
1765987824950 0.8945497194925944 7
1765987825137 0.90581107934316 8
1765987825313 0.8576491276423136 9
1765987825486 0.8911188960075378 10
1765987825657 0.8729560057322184 11
1765987825831 0.8318111936251322 12
1765987825993 0.8480729579925537 13
1765987826164 0.8696867783864339 14
1765987826355 0.8168759226799012 15
1765987826533 0.8500940402348837 16
1765987826719 0.8063641309738159 17
1765987826892 0.8312709728876749 18
1765987827058 0.8385630329449971 19
