1765987827343 0.5116731997412974 0
1765987827524 0.5434928158823991 1
1765987827718 0.536380952527764 2
1765987827883 0.5823557818743406 3
1765987828053 0.5895828312156483 4
1765987828223 0.5754263244242782 5
1765987828388 0.585989829342656 6
1765987828560 0.589988615658438 7
1765987828732 0.6021176377459697 8
1765987828895 0.6249687453910553 9
1765987829052 0.631914463040864 10
1765987829216 0.6239337692892917 11
1765987829504 0.6358135587651917 12
1765987829690 0.63617670271388 13
1765987829883 0.6556338745558059 14
1765987830064 0.6714293411296738 15
1765987830279 0.6731303445611219 16
1765987830469 0.68198130896322 17
1765987830646 0.6799117769643388 18
1765987830819 0.6924640086443257 19
