1765987831103 0.5116731997412974 0
1765987831311 0.5434928158823991 1
1765987831519 0.536380952527764 2
1765987831722 0.5823557818743406 3
1765987831916 0.5895828312156483 4
1765987832103 0.5754263244242782 5
1765987832297 0.585989829342656 6
1765987832515 0.589988615658438 7
1765987832706 0.6021176377459697 8
1765987832902 0.6249687453910553 9
1765987833093 0.631914463040864 10
1765987833279 0.6239337692892917 11
1765987833475 0.6358135587651917 12
1765987833667 0.63617670271388 13
1765987833844 0.6556338745558059 14
1765987834033 0.6714293411296738 15
1765987834225 0.6731303445611219 16
1765987834390 0.68198130896322 17
1765987834589 0.6799117769643388 18
1765987834764 0.6924640086443257 19
