1765987831103 1.0018171111742655 0
1765987831311 0.9648216764132181 1
1765987831519 0.9450746258099874 2
1765987831722 0.879613721370697 3
1765987831916 0.918886677424113 4
1765987832103 0.9474535584449768 5
1765987832297 0.8972379247347514 6
1765987832515 0.8945497194925944 7
1765987832706 0.90581107934316 8
1765987832902 0.8576491276423136 9
1765987833093 0.8911188960075378 10
1765987833279 0.8729560057322184 11
1765987833475 0.8318111936251322 12
1765987833667 0.8480729579925537 13
1765987833844 0.8696867783864339 14
1765987834033 0.8168759226799012 15
1765987834225 0.8500940402348837 16
1765987834390 0.8063641309738159 17
1765987834589 0.8312709728876749 18
1765987834764 0.8385630329449971 19
